006450
003750
000499
007359
004438
002443
005064
001312
000480
005747
001254
000491
003157
000987
004270
008519
003058
006367
008771
003468
003189
002533
004868
005016
009605
003223
009693
009650
003872
004281
001315
007236
009698
009692
008453
007064
007910
006994
005653
006437
009045
007314
005831
001028
002884
000450
006419
008587
009413
007261
007579
004051
000695
003285
006284
009500
007454
006151
007594
002842
000340
000269
004760
001985
009196
003362
006030
002450
006935
002355
008268
008717
002886
004648
003077
006476
003484
009177
005761
001109
002272
009576
005481
005135
003856
009285
003296
006348
005077
006912
004455
000250
008142
009465
009129
005652
003622
005530
000431
006956
001124
004376
006433
008253
005780
002669
002025
001014
009179
000246
005755
000808
005045
005258
009658
008553
001053
006335
000514
006203
002755
002456
009745
002307
006794
002718
007050
008833
008976
004339
003628
007177
003199
001463
007361
000555
002477
006130
000815
005700
007538
003759
008550
009460
001678
008951
004984
003397
002807
007129
005743
006459
008633
003009
003465
001119
006900
002844
000896
006073
000525
000599
006438
003176
003094
005007
003126
003497
008472
003656
000078
003294
002287
001754
005618
000971
005840
007763
004170
005713
007045
007184
002012
005202
007772
006930
003735
009389
004404
004687
001168
000117
001443
009946
001078
004958
008031
006216
000947
008069
004257
001289
007159
002518
008859
002859
003155
008811
008713
003838
003529
008932
006355
003754
005451
007678
002329
004493
006963
009905
001274
000625
000403
008676
006125
003413
002564
001106
003899
003178
009681
006171
009163
009365
006536
006468
005705
005292
009306
007327
006909
000173
005408
005418
000920
006304
005715
003644
006259
003421
001669
005794
005654
003678
002693
009368
004754
002034
007543
005723
001810
009191
007294
000588
002817
000232
009796
007578
004954
000424
009251
005365
002310
008019
002893
003462
006472
006947
000563
003412
007215
002069
008995
002778
007826
005714
006458
004634
006570
002915
006229
005288
007436
009566
005368
007999
000946
005995
004087
003086
008905
000035
009792
003556
001341
006421
000395
009016
005260
008345
007373
002472
007302
006456
009542
002134
007568
004520
003002
009350
004973
005979
007754
008494
008341
008581
002615
002152
002129
003316
004801
000464
006166
007925
000214
003675
004005
009743
001724
007460
006409
000154
000355
007773
001204
003382
003165
000374
008822
002497
004581
001136
004584
007551
005664
005006
001945
002563
008244
007263
003376
009445
001057
005058
000433
000918
005507
004230
007138
005605
005620
005873
007883
005819
005079
002306
001310
007457
001930
006636
002658
009621
009433
009839
005290
000806
003343
006444
001207
000268
008909
003121
005391
007905
008299
007070
007480
005314
005779
003847
002794
004148
001807
004632
005599
002101
001691
007775
006772
002569
003986
000387
002332
003120
005254
006802
000997
008079
009685
009954
008381
002476
008582
000180
009896
004209
002171
005788
002308
006427
003260
003092
002784
004686
008384
007078
002978
006725
008929
001229
002067
001084
001594
004808
003603
002772
006695
004991
001632
001480
009773
004886
003865
001598
001628
002913
002836
005952
001293
008203
004540
006269
006352
003994
004967
002868
002664
006827
005175
005018
007840
007727
006903
000714
002116
006569
007329
000740
007575
000235
002867
009945
000484
007935
002126
004464
008749
003380
002542
004228
005895
005668
002994
000847
005199
009882
008036
001901
005454
002197
003369
001860
001604
009703
008063
003398
005956
007346
001676
000653
003417
009197
005811
009296
005769
001024
005429
001875
005097
003589
000871
007046
009687
004356
009281
000523
008032
004333
005371
004794
009874
007172
008607
006864
002934
009331
004484
003007
000131
002170
001239
008067
008690
003784
004205
008171
001142
008667
009823
006619
004117
005487
004826
005874
000194
007671
005067
000073
000750
009617
001390
000354
000654
002006
009020
005269
007537
000799
002442
007090
004360
008687
000046
007919
001952
000130
009845
007899
003200
005517
007940
001483
003301
000099
003779
008873
001689
000089
006782
008727
007298
007477
005246
006583
002417
008462
008940
001468
006709
007857
000613
007101
002284
000162
001580
006860
000770
009848
000791
006377
008252
008096
009123
001640
009174
003889
005263
002478
003045
000671
006196
000318
003124
007959
002946
000528
003780
001832
008173
001345
001777
002061
002545
009497
004131
001723
003391
004848
008485
004897
003308
000210
003818
000138
005699
006892
009270
009926
009121
002347
006162
002201
007675
004312
006349
008443
000764
006070
007956
003516
003698
008939
002932
002273
005327
002215
006719
003356
002992
005217
009527
005586
006243
007762
006645
009312
007185
007123
009938
005214
007417
003651
008766
008082
007647
006587
000645
003937
007036
006475
007365
002730
005906
002666
001936
002855
006447
008653
007213
005104
008874
005938
003567
003835
004247
009269
004549
004916
001395
002288
004710
005954
007245
006247
002187
006765
009833
009523
005161
002166
007416
005590
005056
001001
008103
002653
006455
001266
005998
004341
004039
004605
001537
005305
000923
004907
007394
000848
005911
006261
001125
001002
001809
004031
000331
007470
002956
004750
009533
003023
005920
000690
005081
000032
008169
004432
009245
001062
003987
003282
004587
001528
008775
008691
008644
001685
000171
005395
000041
009568
001408
002448
008615
001771
001714
000554
006418
004073
000699
009585
007663
002589
008475
006434
002384
009584
001154
003706
000435
006436
005868
007980
000427
009655
005742
001793
000710
008085
008311
006285
002340
002392
008225
000530
002579
000266
001327
005326
007305
005948
008004
009250
006139
007280
007483
008849
008639
001650
001259
001236
006396
008738
006694
007139
006501
007958
003093
003694
000153
004872
004359
002738
006833
005655
001199
006839
007916
004463
009700
000133
005349
006553
001145
006588
003609
000965
007443
003673
004961
008105
005985
006339
008478
003528
005894
001225
002783
002411
005817
001361
009308
004694
007130
006465
001043
001834
000256
006225
003611
005417
005086
006939
002977
000867
000233
005803
000676
002238
006175
002691
001272
002191
003790
006635
009490
002410
007900
000826
002194
003524
000107
002634
006258
008953
008891
003786
004189
006995
004060
005242
009464
005657
009790
009193
002444
006603
009218
009707
000926
006610
000619
004997
001268
005224
008388
001734
004591
004722
004269
004926
004450
002933
001230
007555
004367
008835
000501
005229
000816
004023
003912
004867
008374
004576
001460
008573
006896
002571
005102
007095
008524
009813
004015
004935
005693
001018
002613
008365
001384
006753
007073
002947
002132
009800
002727
005350
007629
003983
003993
005830
003664
003042
000705
002636
007729
000245
007662
006319
006748
004253
006512
003511
009863
002606
002598
007615
005379
005131
002567
009958
005738
002709
009175
007449
004066
007011
004701
006214
005702
003273
001784
006684
004974
006097
008744
005814
008307
003796
002765
003145
008335
007979
004905
002094
008926
006066
009185
002675
002413
005593
008680
007465
008920
000174
000535
004368
002276
004962
006867
009058
001887
008226
005676
007836
002125
009961
005542
005669
007089
006252
000565
001588
001915
003450
006731
004085
000672
001682
003913
009944
003487
002502
004019
002328
009448
009117
006585
007776
007931
009676
007859
003112
006028
007049
001733
003608
006341
005360
003669
005524
000051
004232
002490
001160
009351
009881
006911
008320
001364
006103
002151
002140
007576
005583
009755
007217
002004
006156
005815
007467
008106
007928
001980
006971
007029
007688
007713
006908
008688
001215
005345
009562
007544
009518
007909
003586
001066
004839
003714
003998
002244
003233
008886
006140
005136
005416
003898
006751
009112
000367
000820
005990
005438
000753
009541
008919
008301
007197
003565
006667
001298
004675
005960
007670
001137
006079
002967
000592
005791
003554
003642
009160
004507
006148
005440
004509
003491
002960
002919
005799
006321
006038
003859
003814
003392
001940
002910
006424
004495
000193
005853
007224
005719
000289
008470
008817
006507
005181
003979
002176
001352
007147
007667
007831
008033
003354
003259
003674
002782
008316
002465
002158
004818
005875
002181
009405
008983
009327
007872
005414
002710
003386
000262
005573
002251
002896
000373
004371
000042
009042
002350
003118
009480
009540
004271
002366
007132
008702
004636
005111
000675
007482
008140
007075
002054
002800
007007
001270
001509
006836
002378
001565
009499
007699
009780
007526
001977
001539
007606
004057
001941
009816
003269
002586
008438
001451
000610
009148
008635
003349
005208
000263
003971
000513
009520
006966
009869
005850
008533
005450
004552
009079
004093
000343
002723
007753
003177
007445
000828
006012
004133
009641
000320
003577
005515
003783
006176
003027
001470
008753
007697
005424
004346
001729
007422
001524
002508
008100
001110
001563
005478
000005
006730
002493
005624
005378
006917
000958
001738
001610
003537
006880
002838
004913
006884
008503
002146
001316
001561
001741
008048
002027
007696
009246
004727
007311
001843
005549
001074
003817
008836
002916
005508
007672
006783
000865
009666
001073
000689
004563
004474
005899
007279
005710
002544
003028
003420
000954
001457
008204
009408
008521
001164
008559
001418
001752
002931
006844
001684
006943
004169
008319
001113
001948
000036
007167
004718
008426
002114
003760
008663
005682
000516
002539
008541
006027
006704
006874
009022
001375
004551
002375
009636
000742
000093
008931
006202
005574
004100
008326
008756
003871
008329
004291
003458
007223
008790
008029
003849
001830
008137
003824
009005
008282
002534
000550
007869
004606
003788
009659
003228
003627
002514
000888
009491
008728
007144
002183
003696
006369
003065
006562
004649
004338
002218
008117
009611
008068
007523
002618
007724
007868
009358
003638
009086
001299
001653
004840
003945
003732
007923
001260
005947
009192
007059
009128
008248
009326
005784
003489
005374
007856
006597
005370
007283
002990
006572
006078
000200
009343
007878
009867
006483
007230
006301
001387
007458
005003
003797
006949
007419
009330
005863
007996
006440
009007
006353
004411
004409
002881
003793
001140
009609
007022
002554
006841
002155
007890
007180
006828
002889
009862
004542
004742
002605
006104
003218
005783
004999
005465
001209
002721
009434
001450
005559
008999
008638
003466
004737
002156
004660
008772
002228
006762
009546
008709
001981
003599
008349
001334
004571
006840
005639
002237
007234
004527
008002
007533
007558
007042
005410
004644
007381
005338
005101
007451
004558
003415
009456
002361
002558
001950
007193
005173
006337
000095
007535
002277
005270
008449
003956
002359
008300
001523
001597
005964
000591
001083
004433
005812
007200
002645
007786
006212
004856
003100
006309
001284
001622
001864
009440
000597
004651
004790
005138
006275
008423
006108
007974
002385
002667
007021
007489
007865
004528
006042
005262
000146
005231
005588
003039
009825
004429
004647
007039
009334
005781
009947
004481
000868
002584
000161
006219
000221
003597
006761
006668
006375
002565
008296
005821
007833
003807
008576
003635
006267
008057
005518
009019
001294
008645
004322
005511
002112
000110
002248
005914
009157
003907
000329
002774
000637
004786
002362
007820
004902
008900
009342
006150
004349
006417
002315
000902
009236
006270
003585
008295
005039
007292
003102
006814
003890
007506
002803
008841
007740
008332
003811
007650
009283
007205
008523
000859
004185
002901
003525
002939
009763
009271
005434
007493
005171
002022
006622
004517
006769
002374
008769
002513
008624
006260
000242
005471
005348
002267
008051
006170
000065
005861
006291
008856
002179
009470
008430
000660
007864
009774
003536
001758
004732
001265
004457
007685
003751
005773
006696
000404
007654
003773
006395
008884
006404
001279
008223
004140
004102
003195
008122
004105
003149
004274
009586
009955
005736
007715
001191
009772
008216
005065
000446
000677
000470
006320
000275
001288
006626
006484
009168
003134
001453
002068
009613
002036
008725
006251
009629
003047
007214
001522
001427
002257
006429
007718
008966
003280
007323
004792
008211
004201
005475
001529
006786
003162
007742
007266
006187
008107
000702
004459
001545
002546
009325
000016
001475
005579
005989
003857
008108
009911
005647
003709
003078
001182
006944
007100
007295
008391
002512
003749
004938
005796
009512
008584
000469
000430
004746
000777
008596
003772
008943
005539
008424
003963
007174
005215
002599
005259
003648
001877
002302
002648
001406
005236
007149
009089
000633
006933
003855
001962
002566
002678
002732
001144
001326
002757
008495
007824
008416
003401
006652
002407
003923
000601
001097
004662
001906
000305
002070
000834
002873
009141
000977
004994
003758
007513
000937
006972
008752
004129
004331
008342
000898
004494
007438
009664
009108
007479
001708
002373
002259
008044
000496
003303
007191
001739
003272
004879
008433
009537
009432
005239
008285
001071
005004
006240
005728
006654
004785
008413
001654
008854
007038
000338
000943
007997
003717
007971
006111
009393
002165
007194
000359
000381
002649
005992
003407
005373
000929
003159
000647
009286
000420
001827
007527
008985
004655
006234
006803
006618
003868
000805
005303
007915
008409
009037
003834
006011
003015
004929
000899
008060
008892
008403
009758
003360
006648
003032
000780
000605
006382
005608
006887
004047
008251
004351
002311
009935
005343
005592
000391
009144
005522
005730
006919
003244
001314
002635
004623
000731
004866
007388
007002
002290
006222
009718
000851
008499
001200
005467
009459
003441
004390
005020
009006
000209
008617
001151
008942
004508
004321
009291
007666
008731
006702
000912
006177
007113
002504
002445
008397
002000
001937
005431
009761
002042
003214
009721
005912
003845
003926
001041
009173
003941
007619
002462
009255
007093
005928
006004
006300
009565
001348
000814
007565
004046
000328
000822
006819
004168
004452
009463
001746
001521
004611
007432
006084
002737
002540
004265
008410
009299
008980
000083
009443
006061
006726
008086
004837
008913
005963
009600
008768
001837
003433
000694
009719
005110
004231
006241
002625
009654
009272
002466
008867
007003
008568
003806
000900
003727
005189
005393
005825
001633
003605
001343
000236
004609
008692
004364
004535
008784
004174
001911
001287
009377
000021
008549
009684
009710
006220
000164
008801
002142
001269
008263
000520
002795
009618
007876
009000
002468
006981
001405
003496
006612
009706
000198
002697
008359
001484
001045
009051
007208
001404
001464
006666
001548
000048
005190
004823
001091
007052
008514
006062
000019
002914
005879
004903
003370
008164
000050
001833
001467
009105
000800
001766
008452
007810
007210
001617
005398
004689
009348
009411
008967
000311
008415
002192
008805
009126
000104
002405
005311
008127
004585
000776
006449
003351
000878
007812
009337
000707
004857
008699
001226
009349
005036
004195
006088
001127
000635
005679
000380
000468
002367
007258
004702
009195
007603
008698
004111
000303
009155
004998
000460
003072
006707
008618
003142
003038
001324
004441
004939
003935
003064
004280
006123
000125
000579
002845
007461
008190
007777
007133
009920
003367
002199
001082
000109
002722
007704
001337
005615
009801
006829
003175
004135
003066
003350
001515
001531
000304
009212
004770
009214
002045
002460
000438
001192
004380
005122
006625
003256
002454
003443
003325
004365
008720
001638
007845
001922
008847
003891
006931
001158
009735
005090
002987
005253
009161
000782
002702
006821
005660
007427
007885
003905
000081
007486
003147
000222
009406
002500
001069
007991
002439
001797
001176
008313
005108
004776
006855
000408
003374
003053
005419
005244
002348
003270
005423
006233
006374
009180
007622
006262
004193
008814
003886
003355
007297
006532
006221
001241
002202
008236
003606
005923
008174
005768
009878
009073
003519
004841
005212
000729
007222
003470
001963
008831
005203
002827
005047
003654
008450
000156
008222
008370
005805
003239
007385
002680
005124
007088
007020
006179
000020
008876
009438
007080
007448
009002
004386
009419
004028
001388
006392
007004
004434
002002
004873
001778
004106
003992
003194
000950
006542
002024
002741
003620
006950
003874
004479
008139
007122
004544
004075
002219
008862
008492
000007
004009
007097
000417
003621
005369
003662
008310
005544
007009
006859
000680
004194
007819
000993
009392
003057
007114
007633
002023
006962
001104
009738
005033
003752
002051
006120
008936
003939
007437
003390
008975
003508
007590
007841
004286
009550
004025
001333
007216
001362
004239
002221
009877
003828
004113
005836
005521
001894
001636
003918
007946
009303
008654
005116
006371
003003
002942
000717
001400
009545
000754
009526
007855
008076
000857
002039
006524
003965
002278
003004
004882
008585
005838
007677
009886
002791
006428
002847
002377
004574
003406
005071
007528
003876
009649
009551
005146
009712
009623
000229
001995
003103
002695
003915
007657
001690
003576
006924
002810
004200
003518
006565
001593
003135
007790
003691
008284
002253
002047
006181
003184
002063
001273
007299
000486
005320
007166
006661
009133
007413
001960
000063
000257
008075
004548
005757
007375
003107
004502
005609
002924
008261
009034
005114
007637
000406
005867
001093
007182
003430
001608
007079
006529
003061
006400
009114
002083
003722
008461
002600
002547
002988
004796
005245
008376
009638
009290
009713
002393
007062
002209
003774
001499
004977
006777
004656
006462
007886
007271
000921
000337
006033
007150
006095
000761
001281
001651
007736
004831
002549
004488
002524
008710
009596
008628
009466
002180
004037
002943
003137
004524
000215
004797
009282
003169
007655
006184
000218
007694
007285
006001
004597
005489
009064
009230
002820
006714
003240
006632
005591
001611
003422
008914
007308
009151
002471
007964
001775
000439
001430
003005
005186
005340
006682
000509
006351
006190
001311
007117
002452
001161
002953
001749
005885
008799
003183
002086
006470
007570
004627
001011
006473
006486
008978
005210
002213
000220
006023
005380
004588
006281
004783
000827
001725
003449
002593
008049
003088
001526
009515
009647
006605
008351
007121
008023
009029
007546
009828
004630
007322
000132
007356
007732
006825
006363
007586
003539
000711
006387
008037
004499
004986
004799
000121
000684
002627
000843
003548
005168
009339
009278
003961
006163
001152
003117
005603
003133
004601
008732
000771
001012
006842
009439
003499
001231
003337
002537
001958
005905
006091
002841
004421
009543
002224
000787
001432
000756
003530
001780
008810
005908
009904
005001
000518
001258
005325
003307
002196
007189
009469
009868
008604
008199
007104
000428
001818
004145
006543
007163
001494
006722
006159
005897
005032
007815
002458
000321
001825
008770
009333
003863
002989
009072
003743
004753
000739
005988
002321
009644
001541
002404
002330
003564
007524
004836
006699
005404
000508
009488
007421
005535
001472
001027
005764
004318
000720
001556
000581
003895
007767
007475
006218
002058
002099
007425
005407
001330
008612
003996
004058
001068
000915
005818
002870
009048
007798
000832
000163
006868
003947
002335
005383
003439
000657
009507
002174
002520
009394
006136
008655
005433
003830
006029
009429
009532
004972
001726
005223
000463
006046
008955
009324
004292
000540
000850
007601
001904
002172
009205
000323
001360
008012
004487
000564
006346
006852
004948
007547
003011
001836
007592
005073
001292
003646
002858
001402
003869
008262
004293
002011
006876
002461
000448
002494
008442
008188
002957
000982
001455
003452
000793
001102
008610
007954
001383
005496
007275
001444
001061
005729
006210
009668
000620
009620
008794
006990
001964
007243
006117
003936
004815
006664
009224
006223
007410
007863
007921
007748
006158
007735
000147
004946
007585
002427
000612
006611
002523
009691
001571
009039
007318
002505
006153
005843
004622
007721
007680
001603
009213
002578
008911
002437
002954
004963
002735
007793
007334
000903
002334
008759
002704
000980
005881
004300
001185
005566
001240
008764
008879
003186
007709
006799
008586
009208
007758
006989
009259
006238
009865
001806
002291
002759
006679
004789
006499
006314
002976
005129
009446
003090
005274
006448
007056
009347
006766
002798
004672
000336
005762
004142
005128
000667
001933
001221
005629
004679
001607
005845
002256
002561
001493
008927
006338
006922
002403
002190
009917
000039
004108
001421
008454
005144
009756
004607
005901
000991
000308
007105
006043
009189
003274
001888
003522
001064
002690
003261
006000
000590
004273
005156
001309
009078
003453
008982
007431
000419
005996
009767
005685
004719
009949
004579
009059
008885
003711
006643
006045
008101
000270
000541
008001
003082
004163
000763
002368
001465
009597
000685
003327
004950
001978
005971
004955
004976
002763
000577
002184
004735
003170
007612
000818
000189
001510
009711
005384
000545
004846
001976
003083
003161
003877
008280
004468
003667
003154
006958
003108
001902
009309
002835
003919
008823
006249
003477
006727
007054
003690
000686
000325
004067
007626
004137
009603
006306
001536
002483
007128
005614
009897
003339
005813
001017
000802
000863
009287
009508
008813
000072
004017
005388
002670
001801
005601
005806
006129
005441
009202
007566
001750
006279
004178
009702
009870
006282
007536
006398
001907
007008
000407
006161
009634
007006
009227
007779
002879
005024
001056
001842
001385
000661
003808
007963
001010
007481
005687
009794
009504
008180
008468
009249
002387
006689
004259
004446
001409
000416
002833
000830
002762
002324
005611
008312
009184
006687
006968
004110
001170
007884
005027
000526
005497
005749
006797
006520
002120
003798
007439
002786
004212
004014
003629
002995
006026
007398
004987
006564
008890
000917
000948
004653
009268
004203
009615
007809
005968
002441
006627
002880
001234
001378
005641
009579
000150
005029
006067
007847
005893
005014
004264
002139
007563
002962
008665
009678
006768
003292
008988
009153
005961
008151
003614
000682
003509
006128
005054
008302
003623
003290
006628
000219
009138
001277
007084
004354
004295
002854
009407
006295
008837
008722
005696
007244
000207
002001
003679
002098
001304
003657
006208
008973
001932
004943
004876
008606
006550
006703
002480
004325
004842
002767
002952
005930
003204
008509
004500
007932
006918
006677
001795
003404
008840
007521
005306
000748
006018
008322
003150
006425
002912
004612
006671
006976
007389
008557
008241
004255
000862
005355
005864
004345
002812
001559
006631
000024
005436
009409
003202
004033
004985
008760
009858
007219
003767
008398
009872
006910
002263
007168
003300
006235
000370
003416
001445
009519
004150
006983
007274
003429
004911
004437
006747
006784
001485
001699
005980
005160
001918
001442
005704
002696
002372
008427
004196
000989
004743
008921
005297
006188
001642
006189
009094
009457
008202
004723
009764
009461
002682
007466
005854
004315
009244
001112
002382
008608
003254
003663
009273
009732
007212
005385
009318
009066
006492
002646
007947
005037
006503
005582
008232
008317
005195
008482
007924
009418
002715
008150
006362
008186
001512
008218
003973
001614
001481
000482
001782
006595
006781
005153
005094
001129
008513
003469
003271
009080
005387
001730
000767
009598
004275
003684
006697
000184
007433
001250
002030
008815
002049
006638
009898
006575
009932
002293
004121
002984
009785
006254
003419
005176
001858
003336
002935
008200
007813
000009
004192
004768
006845
001612
001727
008695
006899
008858
002747
004828
003991
007165
000598
004707
007370
003034
000140
008318
002145
007683
006443
001954
001971
002796
001577
004136
008254
008269
006850
008338
003056
002193
008360
004849
007497
004246
004706
003551
009085
004498
004852
001662
000531
007901
008445
002683
003116
003844
006482
002423
004705
005499
002436
000730
000244
003188
002102
002975
005483
006250
001214
004748
006230
004397
006734
002938
005445
002491
007760
001938
008477
007571
001498
007058
008595
009242
004885
005829
008465
008819
009354
009113
008838
003826
004674
009667
009908
005293
006530
006883
001800
007926
003860
000503
005267
003250
008229
006180
001553
000026
006584
002419
000583
007074
009852
000831
005455
005697
000317
001944
005790
004526
008213
006808
005991
000276
004052
004263
006325
002420
001184
003685
009388
005910
002866
003781
004898
001413
007679
001759
004379
005145
003809
007018
005718
003089
001862
000582
004092
006506
003946
008084
000889
002261
004279
006096
003970
003588
005731
004953
007344
008306
009437
002459
001514
004490
005514
001590
002937
003243
005526
001686
000733
007071
007325
009747
000543
003658
000911
009004
005541
006323
000066
007687
009316
009472
008346
009496
002555
000728
002641
008467
005613
002969
007908
000012
000332
003017
002481
002371
008279
005358
005735
000363
007902
009940
007035
002875
008989
009851
004146
008444
006206
005741
008260
000628
004242
003879
003127
007484
008220
000120
008235
008323
006708
007953
009670
007140
008160
006391
001060
000347
008534
002917
006556
000101
008806
000996
005023
001931
009374
003848
004369
002572
007970
007048
003555
000608
005396
005328
003596
001840
005085
005852
000648
009591
000312
006318
000285
008917
004439
000017
000524
004283
002265
005219
008647
001972
000876
008336
005760
007374
001211
001989
006519
004287
007424
007898
004654
001237
003293
009959
000492
007614
005576
005919
004625
002603
005469
004396
001707
006760
001212
008425
004693
008701
006133
006789
009476
009749
009116
002285
004082
009894
000738
006276
000177
005307
001420
002117
001713
005552
002677
007336
001747
007720
007396
004186
009375
008125
001015
000211
001490
009401
008132
009421
007821
004089
008272
003205
007408
002163
008061
007227
006637
001785
002015
009709
008723
001847
003085
006674
000077
003363
008526
009717
004370
007211
008558
009307
000112
005304
008197
000936
002037
003966
004960
007889
004773
009398
007249
001661
009481
002963
009373
008191
001816
007517
000908
008130
000228
008189
003455
006289
008040
003957
003444
004171
005695
004424
009879
001579
003984
005877
003000
005584
004553
004215
002699
006847
001680
008484
002751
001849
000474
008741
008522
007023
003231
002280
002611
009018
007682
002281
006736
006296
006135
004631
001821
008008
006878
000786
000498
003031
008112
007474
008962
002369
001206
001861
005143
007834
000537
003997
006647
000344
001718
003110
004626
001732
005878
001172
008556
005486
002270
006835
005457
005397
005061
009797
005547
000023
005680
006035
004389
000746
007530
007749
007653
009420
001323
005346
006824
001576
008224
003660
005585
008757
003051
000143
000842
001673
009880
005448
008878
003408
002643
004966
001789
006678
000549
008093
002785
007092
000192
006264
007897
008529
002689
005169
001194
007746
007296
002585
009147
001286
005752
009900
002529
001101
004910
007877
008064
003949
005636
008542
000874
002714
002744
006305
007939
001247
007125
009679
007072
000709
007765
000609
008429
000141
003594
003338
000294
008871
004708
007503
000622
007702
000882
001872
003247
005577
003216
002662
005222
008422
000879
009528
007259
006805
000477
003587
003636
004138
004496
000047
008315
001042
004683
008636
006098
003846
003953
002899
001346
003837
006698
003700
009819
006290
007241
001201
009627
008718
005134
009386
005851
007490
005826
004020
008209
008042
008620
004956
003211
009502
002056
000394
008517
006916
009106
006509
007148
005150
000772
005461
009336
001595
005970
007838
001711
003640
006534
002234
008961
008512
003044
008564
001717
008368
004220
008848
004714
007673
009015
009776
002088
004223
001365
007153
004141
006948
009939
005536
004890
002135
009035
003242
006866
009830
004091
009842
003461
005185
000129
001148
008880
001397
003008
008602
004537
005568
009209
001688
007854
004816
000165
002869
006105
005078
006172
003373
006759
009099
000849
009726
001517
004990
002760
000322
006953
009942
005057
000224
004076
004604
008502
006806
001009
002501
008562
001532
007025
007351
005084
009060
009494
006041
006277
000352
007446
001898
000860
001761
009832
000225
002320
003311
005519
002300
009098
009221
002590
008923
004158
000934
003185
005072
006606
006738
009902
007943
007950
006344
002816
006959
005268
009567
003331
005130
008683
006718
003960
005701
008987
004968
004392
002815
005531
000931
004010
003705
004983
003284
001332
007799
001675
003140
007204
001393
006357
005662
003313
005828
007640
000973
006658
004229
000656
000626
005884
008434
008163
007511
009289
004307
004747
001386
003969
009950
003703
004470
003791
002345
003821
004859
005281
001920
002096
002182
001504
009412
009063
001683
009162
001107
002064
009860
009614
008258
000298
000887
003887
000208
005191
009637
003671
000251
006914
004512
000949
007300
008385
002364
005686
003866
005315
000804
008095
000306
002082
004241
004323
004850
008072
000064
000302
004164
001755
003708
009588
000483
003932
004671
009288
005672
004995
003138
001248
003885
003645
000794
007016
004805
001426
000854
002279
006551
000904
009855
008275
004825
001501
008083
003695
003634
004532
007363
003625
006578
001439
002633
008706
005856
000810
008466
003604
001853
008483
007411
008364
005909
001982
006411
006107
001371
003213
009279
003655
005121
004673
009516
008755
004592
002153
002470
009323
006810
008536
000559
008944
005063
008969
002376
009836
003021
009746
005756
006100
009424
002226
009479
002055
009414
005648
001878
001772
000885
004347
001845
005042
007668
009032
003435
009252
007040
005984
007691
004329
008979
000494
009531
004562
006681
003763
003792
000872
003424
005765
009187
007843
007152
008716
004003
000935
009087
001224
006621
004120
001557
002848
009359
005645
003593
003827
004519
009068
006009
000278
004191
006020
005839
003753
004595
005055
004676
003618
003699
003258
006849
003330
008872
008970
009789
008293
003948
004034
006523
007624
004928
005273
005732
004761
007270
003279
008053
002241
008121
009468
004430
002706
005248
007330
006497
002559
006209
005068
001156
005637
009859
005918
004834
006609
002966
000411
006124
005527
009737
009131
000796
005510
009150
001079
004530
006198
009695
004016
002632
003054
003713
009027
009557
001492
005453
001999
000500
008776
007414
000033
001693
000400
002668
008168
008177
005052
006862
004832
006442
004304
003493
004692
008773
003210
000030
003580
005789
004518
000688
002965
001203
000966
002214
006673
006224
003299
002169
009734
007656
003396
004782
002178
006690
007692
003335
009181
003639
002212
005363
000906
004387
004931
009454
006074
000552
009549
008098
001130
000919
007559
002020
009887
009417
000964
008948
001008
002233
003106
004863
004008
005344
009254
008670
004992
003122
000158
004284
009573
008793
006740
007033
008141
003974
005917
003320
008355
005430
007911
003365
004237
009748
006988
006071
003359
002208
006055
008730
006495
008739
005337
008159
002637
005740
002021
006330
000187
009091
007031
008437
002091
000170
006547
004405
004788
005107
006515
000760
006865
004466
002268
006005
007723
007284
009754
003820
001174
000829
007998
006952
007933
006822
006599
002717
002337
000169
000113
008208
000489
002305
009733
000461
003632
007968
004077
003546
003748
009036
005786
004352
000241
009100
001934
001649
007247
007705
005860
005406
000454
000443
002496
005631
002435
001147
008747
009410
004951
004296
000134
009724
000972
009822
006576
000190
002109
005716
001586
007435
004793
008965
001325
006560
003074
003988
000118
008826
000123
000755
009656
003253
004244
006800
005159
001899
002354
007068
006183
000459
000589
004095
000519
006593
007065
000349
003500
005625
001721
001647
009810
001854
009560
005026
001928
003451
004565
009194
005319
001855
000288
004011
003262
004035
008062
006201
009178
004372
002260
001841
006965
006350
002864
000713
007572
003344
007984
000476
001233
006660
006141
006886
000632
005093
004152
001171
000282
003521
001052
